1
2
1
4
3
3
4
7
4
4
2
5
5
13
14
9
15
6
13
7
20
18
12
7
10
12
11
19
5
12
10
28
2
12
27
22
9
27
23
13
23
41
40
12
41
9
41
13
20
29
9
10
13
45
55
31
10
23
49
16
4
37
10
28
14
13
43
16
49
17
25
24
36
32
60
30
36
21
17
20
44
42
62
62
81
65
73
44
78
46
69
26
35
54
84
2
58
91
18
35
62
97
6
35
74
42
79
48
70
20
66
77
39
81
24
81
115
4
44
84
28
61
73
84
24
119
120
128
117
29
32
52
72
88
5
58
44
18
21
56
108
68
53
96
19
106
114
75
121
5
5
24
56
3
43
38
26
107
113
19
67
22
46
5
135
107
68
91
58
83
6
138
141
16
73
130
97
121
152
137
144
10
148
10
178
86
85
94
104
135
140
164
121
178
143
53
148
179
161
193
70
13
190
9
182
38
119
166
191
70
109
162
72
94
98
22
204
154
168
168
15
54
35
80
119
191
71
140
188
78
26
178
41
206
149
15
71
62
187
160
75
191
189
16
234
66
80
161
101
104
76
158
93
40
242
105
80
15
156
234
182
190
258
41
254
173
82
13
198
230
91
234
21
222
188
104
117
110
175
235
205
231
241
11
93
135
68
207
60
5
120
12
44
159
118
280
78
46
283
145
185
142
221
227
140
77
97
196
271
235
256
68
304
224
18
165
197
304
22
239
125
248
145
89
214
196
201
193
182
321
138
242
257
197
49
214
100
334
43
110
56
37
316
121
268
247
68
290
30
48
259
210
314
16
39
273
153
280
302
294
74
44
2
256
122
23
285
209
359
183
31
361
15
122
172
53
205
338
197
82
348
118
190
225
101
337
301
135
76
259
242
199
310
306
1
142
4
128
138
127
383
315
164
284
299
256
127
163
218
175
135
214
307
348
112
22
303
81
188
231
108
295
325
80
153
106
390
261
93
360
205
342
218
277
333
185
278
301
60
156
298
208
78
357
441
332
204
313
154
420
25
126
263
70
370
364
103
396
385
306
180
29
120
16
444
82
198
339
12
202
129
248
322
82
139
141
410
196
13
329
99
251
274
405
288
367
401
78
321
144
333
26
208
363
487
427
281
11
138
