228
480
464
224
75
205
48
494
207
241
434
127
315
203
56
388
137
327
235
83
487
224
445
295
417
279
333
264
36
352
377
294
434
261
349
264
403
95
238
154
392
498
344
184
431
387
381
459
147
55
346
60
340
432
373
97
243
306
142
366
89
415
319
207
320
395
348
482
396
351
341
489
334
185
375
497
180
393
434
424
470
346
444
305
97
477
273
493
291
240
412
98
129
287
480
360
180
331
152
130
464
291
146
205
418
395
321
218
342
320
219
349
115
398
484
422
456
166
418
150
173
193
327
285
289
263
309
142
318
265
324
284
383
263
274
332
366
225
369
415
402
456
498
213
299
323
247
174
394
224
187
417
364
174
448
393
385
190
369
292
486
399
202
365
233
252
453
352
210
438
221
219
369
319
222
498
219
295
385
203
463
440
228
446
437
446
259
233
343
303
329
474
396
335
363
440
364
279
374
318
388
247
321
207
327
266
454
371
279
257
215
413
326
394
463
271
451
398
353
413
259
268
255
395
320
393
420
344
390
466
299
396
246
439
361
400
257
491
305
385
294
362
272
381
471
424
472
265
331
484
435
432
260
349
493
495
257
445
344
309
291
336
289
334
498
475
484
447
306
493
480
383
408
456
500
281
296
340
415
306
332
490
321
301
440
286
490
372
397
496
442
309
423
420
379
364
347
442
481
443
375
484
426
483
459
355
494
457
460
405
378
365
376
405
394
330
440
416
424
364
389
475
479
363
499
426
432
387
446
447
359
338
341
398
361
393
434
472
431
451
444
478
385
352
498
485
471
453
498
421
398
465
469
365
370
443
479
379
368
367
364
489
446
459
452
437
478
468
414
407
386
396
449
438
390
417
448
409
443
447
499
457
428
480
475
389
387
445
470
485
430
425
407
462
406
415
400
434
479
499
405
493
410
442
440
473
449
412
416
430
423
472
454
423
498
489
500
461
425
488
456
478
471
492
446
498
457
431
471
487
455
435
487
446
485
455
482
466
483
447
479
455
448
493
467
495
471
490
464
453
456
478
487
457
458
487
497
463
491
468
486
493
489
496
496
466
472
475
470
497
485
484
477
479
478
500
500
483
498
481
483
498
483
500
487
491
499
496
492
494
499
493
495
497
500
498
500
500
500
500
